$ANSIBLE_VAULT;1.1;AES256
30303533396333663837356364363839306433616365386434633730373963316133313066356436
6534656362346538346232623230343636646132663530630a353864386362646264346532653630
39346437376330353262383564626265626338643562643061353563333564356439636236326634
3237623732336130360a363334323862666434646362323264356538326366373665613062383132
37363165326530633733353066323435323863343831373637303764396464306661613338376462
61353565613134303832353833663131613661313064623965386433373362316564303538303438
35333733633530333933646131643462303063306133326230373239363762323933613631363838
33653466363739386565393466646632353462626338633631366138623766663335633330313461
38356265646434653134353537366134666263663262393164303433353330323066346664363061
64633039623663303966346465363366366234393634613835343266623466343137383435623833
33393039633135626434373262643162303965616161623232306662633335613536623931646664
63336233646337663732376434313564663036383365633562353439613163623166303932666366
37653466323036663635396339633837653138646139316664323031346663373135663831363066
65626565626634616231613766336261343939313665653863326464313963343161653434373731
37646433633962633835343030616636633830376630646434626262316533393934376332323738
31313235633737646337376566343231373566326232663730336231666336636261636338326238
61636537353366323335313938323766306630636435613435613234633639663033666431616439
31376530363133366163333566306436316364663965623861343433346132613736316261306332
316362666663343738643837653035623536
