$ANSIBLE_VAULT;1.1;AES256
38666337303964353566353032613933326634373236396639313339366330663235383830653537
6362353130346261626234336335646131646637356238300a613234346364373062393631306231
65346634646639393732636265316564386262373933623035656335656562616432383736373463
3234363630656636310a663632326134376134653631353733383966633366353433633631626364
31373065353138363538356438363461643538366439366164353739353861663164633264333232
36303136396265623063343232333931623266326336383738336134343564643862366530303337
63313861613931316265663533333163383566366337336262393263613464393839616435656639
63323034363736633934333663396434353637393736646566373736313763363834326230663963
64633537376664313732326531633539643834366530373565663139303331383139633063616139
63666436363531333837303565366534326562396338643937383965376430353164393637653039
63353063336432626161613432306139643565373930393037613239653365356634613862386233
35386435366264376438333230383339323666323035633231333463353138313038393036343431
33616164373833623032333664393339346333393965636365626434363934643039663765656334
33353664353334393763323035666365313163353337373665656433643366643665623036663536
30626635663433613638653766386331393636656362383864313663353533626365323761643636
63373334376237653265333464613430626533646432333638633234323563656261643231323162
64326662323964616636363638376236633861623432633061386163626534663335386162643962
32383861623262623339336634666237646663633462323164373134383636313230376332613362
34666564646264306164643638643233326230383037396663636566643338633866626431336637
34316535343536623432356361313634656566633335306331646565326161623436306436323731
39313830343565313133386635386439663530393730356332383631363431336266616234333763
38373063616336326430396464356566303764343432346164633634333436386337313635643462
65353435663637313937666330663739333563646434623063386161363735383637356135356262
39623538343233653166396532326132633939353038353066396530633036336432643163376534
36303631663166323665333033303663383030356331616139333139663661623434
